spades_K_17_127_23	146	16598	14955	14
spades_K_17_127_9	360	91882	82794	79
spades_K_17_127_7	340	102140	88734	113
spades_K_17_127_4	140	145525	127791	140
spades_K_17_127_27	246	6187	5397	6
spades_K_17_127_19	176	26009	22095	28
spades_K_17_127_33	116	1282	1167	1
spades_K_17_127_34	71	1176	1053	2
spades_K_17_127_25	417	13501	11739	11
spades_K_17_127_21	214	18994	17397	14
spades_K_17_127_17	271	37744	31554	40
spades_K_17_127_15	225	41967	38520	39
spades_K_17_127_1	134	280661	253692	270
spades_K_17_127_10	259	89176	80934	88
spades_K_17_127_8	146	95716	83250	101
spades_K_17_127_2	242	205682	183420	214
spades_K_17_127_13	657	62915	56859	70
spades_K_17_127_28	295	5306	4062	4
spades_K_17_127_31	520	1797	1278	1
spades_K_17_127_20	166	24383	20583	19
spades_K_17_127_26	3	7158	5883	5
spades_K_17_127_16	221	40161	35388	43
spades_K_17_127_18	145	31560	30195	30
spades_K_17_127_14	151	46131	42726	40
spades_K_17_127_11	201	81163	72729	82
spades_K_17_127_3	189	166080	150621	152
spades_K_17_127_6	208	124822	114822	119
spades_K_17_127_32	55	1400	1371	2
spades_K_17_127_12	151	63623	57042	69
spades_K_17_127_30	205	4386	3837	4
spades_K_17_127_5	149	127544	113130	137
spades_K_17_127_24	130	15985	14553	13
spades_K_17_127_22	209	18325	15867	15
204416	1932
